9281.521588854925
9073.331011375583
9028.578929646395
9003.779862042054
8988.965738057066
9056.01855262384
9212.50779649243
8996.26303123653
8969.488886848136
9097.60980623691
9195.12190522966
9206.350627487529
9215.74671006608
9179.63878826233
9158.335001523696
9131.24922769737
9134.147833526831
9188.298683905037
9194.47710562618
9176.177641042075
9154.826194470646
9188.50136182381
9149.14375703179
9234.528615321819
9207.348447985729
9195.661221673765
9162.477320783239
9134.52888325171
9144.18207887141
9315.81850308816
9584.017495119499
8860.53297639698
9021.89478836911
9322.631033005626
9374.2462559903
9285.580565591401
9317.46485446673
9414.16503879646
9467.412041272939
9577.69841643337
10297.798644557839
9345.889046931628
9283.035432518685
8968.8856856411
9006.136011268003
9112.097945400159
9048.556106177144
8941.86104471233
8923.113011031026
8906.207273357611
8884.15231944677
8937.10167163552
8934.893972155443
8999.484511523491
8914.63458907076
8932.663996601214
8894.954688006273
8924.336791828551
8923.89900400238
8889.924607631321
